"name","initialValue","samplerVariance","priorMean","priorSD","priorDist","isConstant"
"ab0",5.52798,0.5,0,10,"Normal",0
"ab1",3.76766,0.5,0,5,"Normal",0
"ab2",1.37592,0.5,0,5,"Normal",0
"ab3",0.568326,0.5,0,5,"Normal",0
"ab4",-0.368441,0.5,0,5,"Normal",0
"ab5",0,0.5,0,5,"Normal",1
"ab6",0,0.5,0,5,"Normal",1
"at0",0.503325,0.5,0,10,"Normal",0
"at1",1.67705,0.5,0,5,"Normal",0
"at2",0.489604,0.5,0,5,"Normal",0
"at3",-0.0904364,0.5,0,5,"Normal",0
"at4",-0.282155,0.5,0,5,"Normal",0
"at5",0,0.5,0,5,"Normal",1
"at6",0,0.5,0,5,"Normal",1
"bb0",-1.1749,0.5,0,10,"Normal",0
"bb1",-0.641019,0.5,0,5,"Normal",0
"bb2",0.195891,0.5,0,5,"Normal",0
"bb3",0.221326,0.5,0,5,"Normal",0
"bb4",-0.032021,0.5,0,5,"Normal",0
"bb5",0,0.5,0,5,"Normal",1
"bb6",0,0.5,0,5,"Normal",1
"bt0",-0.613861,0.5,0,10,"Normal",0
"bt1",0.0342374,0.5,0,5,"Normal",0
"bt2",0.241282,0.5,0,5,"Normal",0
"bt3",-0.185468,0.5,0,5,"Normal",0
"bt4",-0.274357,0.5,0,5,"Normal",0
"bt5",0,0.5,0,5,"Normal",1
"bt6",0,0.5,0,5,"Normal",1
"tt0",0.751168,0.5,0,10,"Normal",0
"tt1",0.7082,0.5,0,5,"Normal",0
"tt2",-0.108818,0.5,0,5,"Normal",0
"tt3",-0.12494,0.5,0,5,"Normal",0
"tt4",-0.276253,0.5,0,5,"Normal",0
"tt5",0,0.5,0,5,"Normal",1
"tt6",0,0.5,0,5,"Normal",1
"th0",-3.12372,0.5,0,10,"Normal",0
"th1",0.0491735,0.5,0,5,"Normal",0
"th2",-0.125853,0.5,0,5,"Normal",0
"th3",0.373168,0.5,0,5,"Normal",0
"th4",0.130725,0.5,0,5,"Normal",0
"th5",0,0.5,0,5,"Normal",1
"th6",0,0.5,0,5,"Normal",1
"e0",-4.19394,0.5,0,10,"Normal",0
"e1",-0.961007,0.5,0,5,"Normal",0
"e2",-0.0306626,0.5,0,5,"Normal",0
"e3",-0.247249,0.5,0,5,"Normal",0
"e4",-0.00592099,0.5,0,5,"Normal",0
"e5",0,0.5,0,5,"Normal",1
"e6",0,0.5,0,5,"Normal",1
